1 
2 
3 
4 
14 
5 
15 
6 
16 
7 
17 
8 
18 
9 
19 
10 
20 
27 
37 
47 
57 
67 
77 
87 
97 
107 
117 
127 
137 
147 
157 
167 
177 
187 
197 
207 
217 
227 
237 
247 
257 
267 
277 
287 
297 
307 
317 
327 
337 
347 
357 
367 
377 
387 
397 
407 
417 
427 
437 
447 
457 
467 
477 
487 
497 
507 
517 
527 
537 
547 
557 
567 
577 
587 
597 
607 
617 
627 
637 
647 
657 
667 
677 
687 
697 
707 
717 
727 
737 
747 
757 
767 
777 
787 
797 
807 
817 
827 
837 
847 
857 
867 
877 
887 
897 
907 
917 
927 
937 
947 
957 
967 
977 
987 
997 
1007 
1017 
1027 
1037 
1047 
1057 
1067 
1077 
1087 
1097 
1107 
1117 
1127 
1137 
1147 
1157 
1167 
1177 
1187 
1197 
1207 
1217 
1227 
1237 
1247 
1257 
1267 
1277 
1287 
1297 
1307 
1317 
1327 
1337 
1347 
1357 
1367 
1377 
1387 
1397 
1407 
1417 
1427 
1437 
1447 
1457 
1467 
1477 
1487 
1497 
1507 
1517 
1527 
1537 
1547 
1557 
1567 
1577 
1587 
1597 
1607 
1617 
1627 
1637 
1647 
1657 
1667 
1677 
1687 
1697 
1707 
1717 
1727 
1737 
28 
38 
1747 
1757 
13 
30 
40 
1767 
1777 
26 
36 
29 
39 
11 
21 
25 
35 
12 
22 
24 
34 
48 
58 
49 
59 
50 
60 
45 
55 
46 
56 
31 
41 
23 
32 
42 
44 
54 
69 
79 
68 
78 
70 
80 
65 
75 
33 
66 
76 
51 
61 
52 
62 
64 
74 
85 
95 
89 
99 
88 
98 
90 
100 
43 
71 
81 
86 
96 
72 
82 
84 
94 
105 
115 
109 
119 
53 
110 
120 
91 
101 
106 
116 
108 
118 
92 
102 
104 
114 
129 
139 
125 
135 
63 
130 
140 
111 
121 
126 
136 
128 
138 
112 
122 
124 
134 
149 
159 
73 
145 
155 
150 
160 
131 
141 
146 
156 
132 
142 
148 
158 
144 
154 
83 
169 
179 
170 
180 
165 
175 
166 
176 
151 
161 
152 
162 
164 
174 
168 
178 
93 
189 
199 
185 
195 
190 
200 
186 
196 
171 
181 
184 
194 
172 
182 
188 
198 
103 
209 
219 
205 
215 
210 
220 
191 
201 
206 
216 
192 
202 
204 
214 
208 
218 
113 
229 
239 
225 
235 
230 
240 
211 
221 
226 
236 
212 
222 
224 
234 
228 
238 
123 
249 
259 
245 
255 
250 
260 
231 
241 
232 
242 
246 
256 
248 
258 
244 
254 
269 
279 
133 
265 
275 
251 
261 
270 
280 
266 
276 
252 
262 
268 
278 
264 
274 
289 
299 
143 
271 
281 
285 
295 
290 
300 
288 
298 
286 
296 
272 
282 
284 
294 
309 
319 
153 
291 
301 
305 
315 
310 
320 
1787 
1797 
306 
316 
308 
318 
292 
302 
304 
314 
329 
339 
163 
311 
321 
325 
335 
330 
340 
328 
338 
326 
336 
312 
322 
324 
334 
173 
349 
359 
331 
341 
345 
355 
350 
360 
348 
358 
346 
356 
344 
354 
332 
342 
183 
369 
379 
351 
361 
365 
375 
370 
380 
368 
378 
366 
376 
193 
352 
362 
364 
374 
389 
399 
371 
381 
385 
395 
390 
400 
388 
398 
203 
386 
396 
372 
382 
384 
394 
409 
419 
391 
401 
405 
415 
410 
420 
408 
418 
213 
406 
416 
392 
402 
404 
414 
429 
439 
411 
421 
425 
435 
430 
440 
428 
438 
223 
426 
436 
424 
434 
412 
422 
449 
459 
431 
441 
445 
455 
465 
475 
485 
495 
505 
515 
525 
535 
545 
555 
565 
575 
585 
595 
605 
615 
625 
635 
645 
655 
665 
675 
685 
695 
705 
715 
725 
735 
745 
755 
765 
775 
785 
795 
805 
815 
825 
835 
845 
855 
865 
875 
885 
895 
233 
450 
460 
448 
458 
469 
479 
446 
456 
444 
454 
432 
442 
451 
461 
243 
470 
480 
468 
478 
489 
499 
466 
476 
452 
462 
464 
474 
471 
481 
253 
490 
500 
488 
498 
509 
519 
472 
482 
486 
496 
484 
494 
491 
501 
263 
508 
518 
510 
520 
529 
539 
492 
502 
506 
516 
504 
514 
511 
521 
273 
528 
538 
530 
540 
549 
559 
905 
915 
512 
522 
526 
536 
524 
534 
283 
531 
541 
548 
558 
550 
560 
569 
579 
532 
542 
1807 
1817 
293 
544 
554 
546 
556 
551 
561 
568 
578 
570 
580 
589 
599 
552 
562 
303 
564 
574 
566 
576 
571 
581 
588 
598 
590 
600 
313 
572 
582 
609 
619 
584 
594 
586 
596 
591 
601 
608 
618 
323 
610 
620 
629 
639 
925 
935 
592 
602 
604 
614 
606 
616 
611 
621 
628 
638 
333 
630 
640 
649 
659 
612 
622 
624 
634 
631 
641 
626 
636 
648 
658 
343 
669 
679 
650 
660 
632 
642 
644 
654 
651 
661 
646 
656 
668 
678 
353 
689 
699 
670 
680 
652 
662 
664 
674 
666 
676 
671 
681 
688 
698 
363 
709 
719 
690 
700 
672 
682 
684 
694 
945 
955 
691 
701 
686 
696 
708 
718 
729 
739 
373 
710 
720 
692 
702 
704 
714 
711 
721 
706 
716 
728 
738 
749 
759 
383 
730 
740 
712 
722 
724 
734 
726 
736 
731 
741 
748 
758 
769 
779 
393 
750 
760 
732 
742 
744 
754 
751 
761 
746 
756 
768 
778 
789 
799 
403 
770 
780 
752 
762 
764 
774 
771 
781 
788 
798 
766 
776 
809 
819 
413 
965 
975 
790 
800 
772 
782 
784 
794 
791 
801 
786 
796 
808 
818 
423 
829 
839 
1827 
1837 
810 
820 
792 
802 
811 
821 
828 
838 
804 
814 
806 
816 
433 
849 
859 
830 
840 
812 
822 
848 
858 
824 
834 
831 
841 
869 
879 
443 
826 
836 
850 
860 
832 
842 
868 
878 
851 
861 
844 
854 
889 
899 
453 
846 
856 
852 
862 
870 
880 
888 
898 
864 
874 
463 
871 
881 
985 
995 
866 
876 
872 
882 
890 
900 
473 
884 
894 
886 
896 
483 
493 
909 
919 
503 
1005 
1015 
908 
918 
513 
892 
902 
891 
901 
910 
920 
523 
906 
916 
904 
914 
533 
543 
929 
939 
1847 
1857 
553 
928 
938 
912 
922 
930 
940 
1025 
1035 
911 
921 
563 
924 
934 
926 
936 
573 
583 
949 
959 
593 
932 
942 
950 
960 
948 
958 
931 
941 
603 
944 
954 
1045 
1055 
946 
956 
613 
623 
633 
969 
979 
643 
952 
962 
968 
978 
970 
980 
951 
961 
653 
964 
974 
1065 
1075 
966 
976 
663 
1867 
1877 
673 
683 
