1 
2 
3 
4 
14 
5 
15 
6 
7 
8 
9 
10 
13 
11 
21 
12 
22 
25 
35 
24 
34 
45 
55 
31 
41 
23 
32 
42 
44 
54 
65 
75 
33 
51 
61 
52 
62 
64 
74 
85 
95 
43 
71 
81 
72 
82 
84 
94 
105 
115 
53 
91 
101 
92 
102 
104 
114 
125 
135 
63 
111 
121 
112 
122 
124 
134 
73 
145 
155 
131 
141 
132 
142 
144 
154 
83 
165 
175 
151 
161 
164 
174 
152 
162 
93 
185 
195 
171 
181 
184 
194 
172 
182 
103 
205 
215 
191 
201 
192 
202 
204 
214 
113 
225 
235 
211 
221 
212 
222 
224 
234 
123 
245 
255 
231 
241 
232 
242 
244 
254 
133 
251 
261 
265 
275 
252 
262 
264 
274 
271 
281 
143 
285 
295 
272 
282 
284 
294 
291 
301 
153 
305 
315 
304 
314 
292 
302 
311 
321 
163 
325 
335 
324 
334 
312 
322 
331 
341 
173 
345 
355 
344 
354 
332 
342 
183 
351 
361 
365 
375 
364 
374 
193 
352 
362 
371 
381 
385 
395 
203 
384 
394 
372 
382 
391 
401 
405 
415 
213 
404 
414 
392 
402 
411 
421 
425 
435 
223 
424 
434 
431 
441 
412 
422 
445 
455 
465 
475 
485 
495 
505 
515 
525 
535 
545 
555 
565 
575 
585 
595 
605 
615 
625 
635 
645 
655 
665 
675 
685 
695 
705 
715 
725 
735 
745 
755 
765 
775 
785 
795 
805 
815 
825 
835 
845 
855 
865 
875 
885 
895 
233 
444 
454 
451 
461 
432 
442 
243 
464 
474 
471 
481 
452 
462 
253 
484 
494 
491 
501 
472 
482 
263 
504 
514 
511 
521 
492 
502 
273 
905 
915 
531 
541 
524 
534 
512 
522 
283 
551 
561 
544 
554 
293 
532 
542 
571 
581 
303 
552 
562 
564 
574 
313 
591 
601 
572 
582 
584 
594 
925 
935 
323 
611 
621 
592 
602 
604 
614 
333 
631 
641 
612 
622 
624 
634 
343 
651 
661 
632 
642 
644 
654 
353 
671 
681 
652 
662 
664 
674 
363 
691 
701 
945 
955 
672 
682 
684 
694 
373 
711 
721 
692 
702 
704 
714 
383 
731 
741 
712 
722 
724 
734 
393 
751 
761 
732 
742 
744 
754 
403 
771 
781 
752 
762 
764 
774 
965 
975 
413 
791 
801 
772 
782 
784 
794 
423 
811 
821 
792 
802 
804 
814 
433 
831 
841 
812 
822 
824 
834 
443 
851 
861 
832 
842 
844 
854 
453 
871 
881 
852 
862 
864 
874 
985 
995 
463 
872 
882 
473 
884 
894 
483 
493 
503 
891 
901 
1005 
1015 
513 
892 
902 
904 
914 
523 
533 
543 
911 
921 
553 
912 
922 
1025 
1035 
924 
934 
563 
573 
583 
931 
941 
593 
932 
942 
944 
954 
603 
1045 
1055 
613 
623 
633 
951 
961 
643 
952 
962 
964 
974 
653 
1065 
1075 
663 
673 
971 
981 
683 
972 
982 
693 
984 
994 
703 
1085 
1095 
713 
723 
733 
991 
1001 
992 
1002 
1004 
1014 
743 
753 
1105 
1115 
763 
773 
1011 
1021 
783 
1012 
1022 
1024 
1034 
793 
1125 
1135 
803 
813 
823 
1032 
1042 
1031 
1041 
1044 
1054 
833 
1145 
1155 
843 
853 
863 
873 
1052 
1062 
1051 
1061 
883 
1064 
1074 
1165 
1175 
893 
1072 
1082 
1071 
1081 
1084 
1094 
1185 
1195 
903 
1092 
1102 
1091 
1101 
1205 
1215 
1104 
1114 
913 
1112 
1122 
1111 
1121 
1124 
1134 
1225 
1235 
923 
1132 
1142 
1131 
1141 
1144 
1154 
1245 
1255 
933 
1152 
1162 
1151 
1161 
1164 
1174 
1265 
1275 
943 
1172 
1182 
1171 
1181 
1184 
1194 
1285 
1295 
953 
1192 
1202 
1191 
1201 
1204 
1214 
1305 
1315 
963 
1211 
1221 
1212 
1222 
1224 
1234 
973 
1325 
1335 
1231 
1241 
1232 
1242 
1244 
1254 
983 
1345 
1355 
1252 
1262 
1264 
1274 
1251 
1261 
993 
1365 
1375 
1284 
1294 
1272 
1282 
1271 
1281 
1003 
1385 
1395 
1304 
1314 
1292 
1302 
1291 
1301 
1405 
1415 
1013 
1324 
1334 
1312 
1322 
1023 
1311 
1321 
1425 
1435 
1344 
1354 
1332 
1342 
1331 
1341 
1033 
1445 
1455 
1364 
1374 
1352 
1362 
1351 
1361 
1043 
1465 
1475 
1384 
1394 
1371 
1381 
1372 
1382 
1053 
1485 
1495 
1404 
1414 
1391 
1401 
1392 
1402 
1063 
1505 
1515 
1424 
1434 
1411 
1421 
1412 
1422 
1073 
1525 
1535 
1444 
1454 
1432 
1442 
1431 
1441 
1083 
1545 
1555 
1464 
1474 
1452 
1462 
1451 
1461 
1093 
1565 
1575 
1484 
1494 
1471 
1481 
1472 
1482 
1103 
1585 
1595 
1504 
1514 
1491 
1501 
1492 
1502 
1113 
1605 
1615 
1524 
1534 
1511 
1521 
1512 
1522 
1123 
1625 
1635 
1544 
1554 
1133 
1532 
1542 
1531 
1541 
1645 
1655 
1564 
1574 
1143 
1552 
1562 
1551 
1561 
1665 
1675 
1153 
1584 
1594 
1572 
1582 
1571 
1581 
1685 
1695 
1163 
1604 
1614 
1592 
1602 
1591 
1601 
1173 
1705 
1715 
1624 
1634 
1612 
1622 
1611 
1621 
1183 
1644 
1654 
1725 
1735 
1632 
1642 
1631 
1641 
1193 
1664 
1674 
1652 
1662 
1745 
1755 
1651 
1661 
1203 
1684 
1694 
1672 
1682 
1765 
1775 
1671 
1681 
1213 
1704 
1714 
1692 
1702 
1691 
1701 
1223 
1724 
1734 
1712 
1722 
1785 
1795 
1711 
1721 
1233 
1744 
1754 
1732 
1742 
1731 
1741 
1243 
1764 
1774 
1752 
1762 
1805 
1815 
1751 
1761 
1253 
1263 
1784 
1794 
1772 
1782 
1825 
1835 
1273 
1771 
1781 
1283 
1804 
1814 
1792 
1802 
1293 
1791 
1801 
1845 
1855 
1303 
1313 
1824 
1834 
1812 
1822 
1811 
1821 
1865 
1875 
1323 
1333 
1844 
1854 
1832 
1842 
1343 
1831 
1841 
1885 
1895 
1353 
1363 
1864 
1874 
1852 
1862 
1373 
1851 
1861 
1905 
1915 
1383 
1884 
1894 
1393 
1872 
1882 
1403 
1871 
1881 
1925 
1935 
1413 
1904 
1914 
1892 
1902 
1423 
1891 
1901 
1433 
1945 
1955 
1924 
1934 
1443 
1912 
1922 
1453 
1911 
1921 
1965 
1975 
1463 
1944 
1954 
1932 
1942 
1473 
1931 
1941 
1483 
1985 
1995 
1964 
1974 
1493 
1952 
1962 
1503 
1951 
1961 
2005 
2015 
1513 
1984 
1994 
1972 
1982 
1523 
2025 
2035 
1533 
1971 
1981 
2004 
2014 
1992 
2002 
1543 
1553 
1991 
2001 
2045 
2055 
2024 
2034 
1563 
2012 
2022 
1573 
2011 
2021 
1583 
2065 
2075 
2044 
2054 
2032 
2042 
1593 
1603 
2064 
2074 
2031 
2041 
2085 
2095 
1613 
2052 
2062 
1623 
1633 
2084 
2094 
2051 
2061 
2105 
2115 
2072 
2082 
1643 
1653 
2104 
2114 
2071 
2081 
1663 
2125 
2135 
2092 
2102 
1673 
2124 
2134 
2091 
2101 
1683 
2145 
2155 
2112 
2122 
1693 
2144 
2154 
1703 
2111 
2121 
2132 
2142 
2165 
2175 
1713 
1723 
2164 
2174 
2131 
2141 
1733 
2152 
2162 
2185 
2195 
1743 
2184 
2194 
1753 
2151 
2161 
2172 
2182 
1763 
2205 
2215 
2204 
2214 
2171 
2181 
1773 
2192 
2202 
2225 
2235 
2224 
2234 
1783 
2212 
2222 
2191 
2201 
2245 
2255 
2244 
2254 
1793 
2232 
2242 
2211 
2221 
2265 
2275 
2264 
2274 
1803 
2252 
2262 
2231 
2241 
2285 
2295 
2284 
2294 
1813 
2251 
2261 
2272 
2282 
2305 
2315 
1823 
2304 
2314 
2271 
2281 
2292 
2302 
2325 
2335 
1833 
2324 
2334 
2291 
2301 
2312 
2322 
1843 
2345 
2355 
2344 
2354 
2311 
2321 
2332 
2342 
1853 
2365 
2375 
2364 
2374 
2331 
2341 
1863 
2352 
2362 
2384 
2394 
2385 
2395 
1873 
2351 
2361 
2372 
2382 
2404 
2414 
2405 
2415 
1883 
2371 
2381 
2392 
2402 
2424 
2434 
2425 
2435 
1893 
2391 
2401 
2444 
2454 
2412 
2422 
1903 
2445 
2455 
2464 
2474 
2411 
2421 
2432 
2442 
1913 
2465 
2475 
2431 
2441 
2484 
2494 
2452 
2462 
1923 
2485 
2495 
2504 
2514 
2451 
2461 
2472 
2482 
1933 
2505 
2515 
2471 
2481 
2524 
2534 
2492 
2502 
1943 
2525 
2535 
2491 
2501 
2544 
2554 
2512 
2522 
1953 
2545 
2555 
2564 
2574 
2511 
2521 
2532 
2542 
1963 
2565 
2575 
2531 
2541 
2584 
2594 
2552 
2562 
1973 
2585 
2595 
2551 
2561 
2604 
2614 
1983 
2572 
2582 
2605 
2615 
1993 
2624 
2634 
2571 
2581 
2592 
2602 
2003 
2625 
2635 
2591 
2601 
2644 
2654 
2612 
2622 
2013 
2645 
2655 
2611 
2621 
2632 
2642 
2023 
2664 
2674 
2631 
2641 
2033 
2665 
2675 
2652 
2662 
2043 
2684 
2694 
2651 
2661 
2685 
2695 
2053 
2672 
2682 
2063 
2704 
2714 
2671 
2681 
2705 
2715 
2073 
2692 
2702 
2083 
2724 
2734 
2691 
2701 
2725 
2735 
2093 
2712 
2722 
2103 
2744 
2754 
2711 
2721 
2745 
2755 
2113 
2732 
2742 
2123 
2764 
2774 
2731 
2741 
2765 
2775 
2133 
2752 
2762 
2784 
2794 
2143 
2751 
2761 
2785 
2795 
2772 
2782 
2153 
2805 
2815 
2771 
2781 
2804 
2814 
2163 
2792 
2802 
2173 
2825 
2835 
2791 
2801 
2824 
2834 
2183 
2812 
2822 
2193 
2845 
2855 
2811 
2821 
2844 
2854 
2203 
2832 
2842 
2213 
2865 
2875 
2831 
2841 
2864 
2874 
2223 
2852 
2862 
2233 
2885 
2895 
2884 
2894 
2243 
2851 
2861 
2872 
2882 
2253 
2905 
2915 
2904 
2914 
2871 
2881 
2263 
2892 
2902 
2925 
2935 
2273 
2924 
2934 
2891 
2901 
2283 
2912 
2922 
2945 
2955 
2293 
2944 
2954 
2911 
2921 
2303 
2932 
2942 
2965 
2975 
2313 
2964 
2974 
2931 
2941 
2952 
2962 
2323 
2985 
2995 
2333 
2984 
2994 
2951 
2961 
2972 
2982 
3005 
3015 
2343 
2353 
2971 
2981 
3004 
3014 
2992 
3002 
3025 
3035 
2363 
2373 
2991 
3001 
3024 
3034 
3012 
3022 
3045 
3055 
2383 
2393 
3011 
3021 
3044 
3054 
3065 
3075 
3032 
3042 
2403 
3031 
3041 
2413 
3064 
3074 
3052 
3062 
3085 
3095 
2423 
3051 
3061 
2433 
3105 
3115 
3072 
3082 
3084 
3094 
2443 
2453 
3092 
3102 
3125 
3135 
3071 
3081 
3104 
3114 
2463 
3112 
3122 
2473 
3091 
3101 
3124 
3134 
3145 
3155 
2483 
3132 
3142 
3111 
3121 
3144 
3154 
2493 
3165 
3175 
2503 
3152 
3162 
3164 
3174 
3131 
3141 
3185 
3195 
2513 
2523 
3172 
3182 
3151 
3161 
3184 
3194 
3205 
3215 
2533 
3192 
3202 
2543 
3204 
3214 
3171 
3181 
3225 
3235 
2553 
3212 
3222 
2563 
3191 
3201 
3224 
3234 
3245 
3255 
2573 
3232 
3242 
3211 
3221 
2583 
3244 
3254 
3265 
3275 
2593 
3252 
3262 
3231 
3241 
3264 
3274 
2603 
3285 
3295 
2613 
3251 
3261 
3272 
3282 
3284 
3294 
2623 
3305 
3315 
2633 
3271 
3281 
3292 
3302 
3304 
3314 
3325 
3335 
2643 
3312 
3322 
3324 
3334 
3291 
3301 
2653 
3345 
3355 
3344 
3354 
3332 
3342 
2663 
3311 
3321 
3365 
3375 
2673 
3364 
3374 
3352 
3362 
3331 
3341 
3385 
3395 
2683 
3384 
3394 
3351 
3361 
3372 
3382 
3405 
3415 
2693 
3371 
3381 
3404 
3414 
3392 
3402 
3425 
3435 
2703 
3391 
3401 
3424 
3434 
3412 
3422 
3445 
3455 
2713 
3411 
3421 
3432 
3442 
3444 
3454 
2723 
3465 
3475 
3431 
3441 
3452 
3462 
3464 
3474 
2733 
3485 
3495 
3451 
3461 
3472 
3482 
3484 
3494 
2743 
3505 
3515 
3471 
3481 
3492 
3502 
2753 
3504 
3514 
3491 
3501 
2763 
3512 
2773 
3511 
2783 
2793 
2803 
2813 
2823 
2833 
2843 
2853 
2863 
2873 
2883 
2893 
2903 
2913 
2923 
2933 
2943 
2953 
2963 
2973 
2983 
2993 
3003 
3013 
3023 
3033 
3043 
3053 
3063 
3073 
3083 
3093 
3103 
3113 
3123 
3133 
3143 
3153 
3163 
3173 
3183 
3193 
3203 
3213 
3223 
3233 
3243 
3253 
3263 
3273 
3283 
3293 
3303 
3313 
3323 
3333 
3343 
3353 
3363 
3373 
3383 
3393 
3403 
3413 
3423 
3433 
3443 
3453 
3463 
3473 
3483 
3493 
3503 
3513 
